0513
0523
0564
0601
0602
0606
0608
0610
0611
0612
0613
0614
0615
0616
0617
0619
0620
0621
0623
0625
0626
0627
0628
0629
0630
0631
0632
0633
0634
0635
0636
0637
0638
0639
0640
0641
0642
0644
0645
0647
0648
0649
0651
0652
0653
0654
0655
0658
0659
0660
0663
0665
0666
0667
0668
0669
0671
0672
0674
0675
0676
0677
0678
0679
0681
0683
0685
0686
0687
0688
0689
0690
0691
0692
0693
0694
0695
0696
0698
0699
0700
0701
0703
0704
0706
0707
0708
0710
0711
0712
0713
0714
0715
0716
0717
0718
0719
0720
0722
0723
0725
0726
0727
0728
0730
0731
0733
0734
0735
0737
0738
0742
0743
0744
0745
0746
0749
0752
0753
0754
0756
0758
0759
0761
0762
0764
0765
0766
0768
0769
0770
0771
0772
0774
0776
0777
0778
0779
0780
0781
0783
0784
0785
0786
0787
0788
0789
0790
0791
0792
0793
0794
0795
0798
0807
0834
0851
0864
0867
0873
0882
0894
0916
0920
0946
0957
0961
0988
0998
1009
1028
1029
1051
1052
1055
1072
1079
1083
1105
1106
1143
1164
1194
1202
1221
1230
1250
1280
1320
1325
1377
1389
1406
1412
1430
1432
1442
1449
1459
1461
1472
1487
1493
1511
1527
1532
1541
1555
1558
1590
1591
1593
1596
1597
1638
1651
1663
1668
1672
1675
1680
1700
1719
1738
1794
1804
1809
1817
1836
1885
1902
1907
1962
1965
1969
1980
1990
2010
2015
2019
2038
2046
2085
2089
2096
2105
2136
2140
2162
2169
2183
2191
2208
2243
2247
2292
2296
2310
2318
2350
2351
2361
2375
2389
2401
2452
2493
2499
2513
2534
2538
2541
2545
2567
2586
2590
2598
2618
2619
2621
2636
2667
2669
2673
2679
2682
2706
2731
2741
2763
2776
2799
2805
2824
2832
2833
2843
2856
2867
2870
2880
2884
2927
2928
2931
2932
2958
2971
2980
2985
3062
3067
3084
3127
3148
3187
3229
3238
3254
3267
3282
3291
3299
3303
3314
3342
3387
3392
3416
3418
3488
3519
3532
3538
3544
3570
3587
3598
3603
3613
3617
3624
3630
3640
3654
3680
3685
3688
3723
3752
3772
3790
3793
3802
3813
3837
3838
3843
3872
3877
3899
3907
3923
3925
3945
3946
3951
3974
4004
4019
4050
4074
4075
4077
4089
4113
4168
4182
4199
4205
4215
4222
4239
4275
4362
4435
4445
4464
4474
4475
4483
4497
4499
4507
4511
4514
4524
4552
4565
4570
4607
4608
4621
4638
4651
4655
4668
4685
4702
4722
4729
4757
