1962
4074
4474
0751
0716
1638
4655
4004
0769
1751
0747
3617
0709
1194
3392
0735
1455
1668
2856
1079
0631
0664
0757
4524
0681
0643
3148
1377
0717
0733
0795
4651
0786
0920
1472
3127
3538
0783
0744
0739
0682
2706
0627
3299
0712
1105
0683
0791
3603
0726
0600
3291
0651
2310
4511
0746
4690
2795
0807
0718
0695
3624
2169
1051
1280
4222
3909
0894
3734
2452
2318
0601
0672
2038
4742
4668
4050
0645
0756
1537
1597
2927
3544
1511
2932
2545
2586
0606
4570
0713
2880
0660
2971
0564
3387
0748
0667
0925
1558
0760
0759
0674
0792
3570
2105
2567
2085
0738
0604
0685
1453
4565
3978
0623
0656
2799
0749
2948
0657
0637
1804
3238
2010
1817
0778
3752
1675
1430
2191
4552
0617
0649
0865
3813
4507
1596
0781
0724
3838
2867
1719
1928
3630
4542
0647
4362
1672
3790
3958
1009
3974
0732
0873
1164
2718
0652
1406
2208
1459
0635
0882
1461
3680
0734
2928
0633
3802
4233
0752
0723
1072
0670
0776
0610
0737
2534
4729
3314
0677
2621
1590
2389
0603
3872
0777
0625
0711
3062
0743
4275
0731
0640
0793
0790
3157
2980
0745
0693
0799
2833
0720
2538
2361
0636
0701
0787
0946
1680
0608
0602
3640
0728
1965
0684
0961
0616
0798
0629
3923
3654
2499
2015
1591
1491
0771
1902
1004
0704
2849
0609
3254
2636
0639
3925
4075
0653
0794
0632
3532
3059
0634
0642
2292
0648
0611
4182
0772
0707
0837
0762
2096
4215
0770
3303
0773
0658
2598
0703
3185
4096
3598
1738
4065
1651
4135
2741
0607
0988
3843
0753
2136
0721
0702
0620
0725
1052
0697
2930
0700
2162
3229
0765
0655
2682
3823
1106
3187
1389
2243
0668
2140
0708
2296
2350
0671
0679
0662
4322
1202
3688
1291
2931
4205
1532
2247
1593
0644
1029
3946
0779
2679
1969
0680
0727
2046
1221
0867
0605
0784
0612
1114
0688
2824
0687
0729
2669
3342
0774
0698
4685
2805
1432
3417
0750
1055
0719
0766
0714
1907
2763
0686
1143
0796
4219
0691
3685
1083
0957
0789
1250
2776
3067
2089
1990
2884
0690
2145
0763
0775
2516
4077
3877
3889
2667
1836
2192
3488
3945
0665
0694
0628
1541
0615
0675
0646
2673
4514
4497
0669
0768
3793
4702
0624
1700
1980
0663
0998
1493
0650
3526
4199
1555
0619
0834
0864
0916
1109
1442
1449
2532
2731
2911
4239
4435
4475
4483
3267
3282
